2.5925746819911857
2.17719483986879
2.017549563676883
1.953123043744992
1.889034173427484
1.8454222067808495
1.7808794853014824
1.7642898559570312
1.7336742694561298
1.7326890994340947
1.6801618918394432
1.6719479683117988
1.6547378148788061
1.6429595947265625
1.6241495181352665
1.5981368040427184
1.5936774229392028
1.5835718986315606
1.5637785104604869
1.5707740783691406
1.5547455029609876
1.5290064689440606
1.5377269647060297
1.5157283880771735
1.504999503111228
1.5002935360639522
1.4707332513271234
1.466958950727414
1.4813383053510616
1.461146232409355
1.4062047126965644
1.4013408758701422
1.3759269714355469
1.3689199594350963
1.3468157450358074
1.3658826779096553
1.3387783735226362
1.3550737821138823
1.370408180432442
1.3433960156563
1.3492759313338842
1.353332715156751
1.3471305064665966
1.3402413588303785
1.3504458696414263
1.3336158165564904
1.3385784442608173
1.3357866727388823
1.3640994536571014
1.3447943467360277
1.3134588583921776
1.3282543084560297
1.3056969275841346
1.340452145307492
1.3314417325533354
1.3171150990021534
1.3219184875488281
1.3310698484763122
1.3084653218587239
1.3278731321677184
1.323464124630659
1.3198004502516527
1.3154312525040064
1.3264693235739684
1.3281324337690303
1.3200099651630108
1.3057770362267127
1.335544683994391
1.325889685215094
1.3217515211838942
1.3198937636155348
1.3169132134853265
1.3412892268254206
1.3356487567608173
1.3130714220878406
1.312856723100711
1.313214815579928
1.3046805552947216
1.3177167452298677
1.3138149946163862
1.3289915231557994
1.3125890096028645
1.3321685791015625
1.3391917302058294
1.3211223895733173
1.3289946531638122
1.308127672244341
1.3059620001377203
1.3222312927246094
1.339489961281801
1.3131179809570312
1.3190848521697216
1.3188017820700622
1.3224139091296074
1.310874254275591
1.318738497220553
1.304709703494341
1.3195217817257612
1.3206581702599158
1.314201452793219