2.5030957735501804
2.122812711275541
1.9945575029422076
1.8946744478665865
1.8507287441155849
1.7902663793319311
1.7566626133062901
1.731100620367588
1.7162246704101562
1.6793611966646635
1.6565751295823317
1.634267073411208
1.6241925557454426
1.609364729661208
1.5902752020420172
1.5878986456455328
1.555188496907552
1.5388663854354467
1.520364223382412
1.5201780857183995
1.529193095671825
1.499024415627504
1.5117442791278546
1.4749805743877704
1.4765555552947216
1.4554047217735877
1.4629455957657251
1.4476691025954027
1.4280420939127605
1.4267078301845453
1.366273928911258
1.3276268396622095
1.3377698262532551
1.349631089430589
1.3161173111353166
1.3229392614120092
1.3095919291178386
1.334946069961939
1.323583749624399
1.3109482985276442
1.3289969028570714
1.3134689331054688
1.310396732428135
1.323826912121895
1.305667975010016
1.3025441292004707
1.2987525157439404
1.3191900986891527
1.3146679217998798
1.314047104273087
1.3027927692119892
1.298153314834986
1.3025567470452724
1.3023867484850762
1.291317377334986
1.3047670217660756
1.2840111561310596
1.2950607691055689
1.2992197672526042
1.2820172432141426
1.2864610720903447
1.287640889485677
1.2848626161232972
1.286410894149389
1.3012615106044672
1.2836060157189002
1.2802053598257213
1.2708556346404247
1.2911781897911658
1.2904446919759114
1.2929066389034956
1.300706031994942
1.3033368037297175
1.282654297657502
1.2896705040564904
1.3030582330165765
1.2835060510879908
1.2917260390061598
1.2867763225848858
1.2872178493401942
1.3047208541478865
1.2677891071026142
1.2938224596854968
1.2838832170535357
1.2762882526104267
1.2866986592610676
1.2825813293457031
1.2784579350398138
1.2940084017240083
1.2731036650828826
1.277099120311248
1.2874310811360676
1.297219496506911
1.2990679618639824
1.2941815302922175
1.260568374242538
1.2886610764723558
1.2953345469939404
1.2801923507299178
1.2820998949882312